# lift_box
# [[-0.12392, 0.18041, 0.092393, -0.60642, 0.72777, 0.21045, 0.24149, 0,
#         0.15567, 0.18713, 0.073922, -0.66819, 0.69698, 0.17877, 0.18916, 0],
#         [-0.042539, 0.10107, 0.016855, 0.7067, -0.7038, 0.0061199, -0.072079, 0, 
#         0.059093, 0.11634, 0.013758, -0.69994, 0.71124, 0.064017, 0.011156, 0],
#         [-0.042539, 0.10107, 0.016855, 0.7067, -0.7038, 0.0061199, -0.072079, 1, 
#         0.059093, 0.11634, 0.013758, -0.69994, 0.71124, 0.064017, 0.011156, 1],
#         [-0.046916, 0.1867, 0.19996, -0.46764, 0.67862, 0.24786, 0.50927, 1, 
#         0.066963, 0.17773, 0.17185, 0.67267, -0.54981, -0.44389, -0.21948, 1]]
# banana 160
# [[-0.12392, 0.18041, 0.092393, -0.60642, 0.72777, 0.21045, 0.24149, 0,
#         0.15567, 0.18713, 0.073922, -0.66819, 0.69698, 0.17877, 0.18916, 0],
#         [-0.20151, 0.17873, 0.014439, 0.78778, -0.59903, -0.11228, -0.089233, 1, 
#         0.26051, 0.11156, 0.035369, -0.62696, 0.76769, 0.010168, 0.13222, 1],
#         [-0.20151, 0.17873, 0.014439, 0.78778, -0.59903, -0.11228, -0.089233, 1, 
#         0.03507, 0.10625, 0.032926, -0.69505, 0.70803, 0.12483, -0.0029322, 1],
#         [0.015097, 0.10229, 0.15273, -0.23609, 0.85153, 0.12809, 0.45029, 1,
#         0.03507, 0.10625, 0.032926, -0.69505, 0.70803, 0.12483, -0.0029322, 1],
#         [0.0066319, 0.1318, 0.044089, -0.32945, 0.92032, 0.070314, 0.19883, 1,
#         0.03507, 0.10625, 0.032926, -0.69505, 0.70803, 0.12483, -0.0029322, 1],
#         [0.0066319, 0.1318, 0.044089, -0.32945, 0.92032, 0.070314, 0.19883, 0,
#         0.03507, 0.10625, 0.032926, -0.69505, 0.70803, 0.12483, -0.0029322, 0],
#         [-0.12392, 0.18041, 0.092393, -0.60642, 0.72777, 0.21045, 0.24149, 0,
#         0.15567, 0.18713, 0.073922, -0.66819, 0.69698, 0.17877, 0.18916, 0],
#         ]
# hand_over 130
# [[-0.12392, 0.18041, 0.092393, -0.60642, 0.72777, 0.21045, 0.24149, 0,
#         0.15567, 0.18713, 0.073922, -0.66819, 0.69698, 0.17877, 0.18916, 0],
#         [-0.25361, 0.086548, 0.011797, 0.92695, -0.37125, -0.050542, -0.019626, 1, 
#         0.15567, 0.18713, 0.073922, -0.66819, 0.69698, 0.17877, 0.18916, 0],
#         [-0.032192, -0.0042441, 0.22662, 0.11698, 0.69556, 0.091968, 0.70289, 1,
#         0.15567, 0.18713, 0.073922, -0.66819, 0.69698, 0.17877, 0.18916, 0, 1],
#         [-0.032192, -0.0042441, 0.22662, 0.11698, 0.69556, 0.091968, 0.70289, 1,
#         -0.067566, 0.044363, 0.22596, -0.40758, 0.58438, 0.50882, -0.4832, 1],
#         [-0.032192, -0.0042441, 0.22662, 0.11698, 0.69556, 0.091968, 0.70289, 0,
#         -0.067566, 0.044363, 0.22596, -0.40758, 0.58438, 0.50882, -0.4832, 1],
#         [-0.032192, -0.0042441, 0.22662, 0.11698, 0.69556, 0.091968, 0.70289, 0,
#         0.24554, 0.18931, 0.014256, 0.29033, 0.91555, 0.27418, 0.048093, 0],
#         [-0.12392, 0.18041, 0.092393, -0.60642, 0.72777, 0.21045, 0.24149, 0,
#         0.15567, 0.18713, 0.073922, -0.66819, 0.69698, 0.17877, 0.18916, 0]
#         ]